gggggggggE:\projects\example\dynamic_5.h5 0.0
aaa
[array([0.06823338, 0.06822082, 0.06823106, ..., 1.41084483, 1.41118641,
       1.41154523]), array([0.0857053 , 0.0856876 , 0.08570597, ..., 1.15107049, 1.15102821,
       1.15094331]), array([0.10082716, 0.1008031 , 0.10082622, ..., 1.07048508, 1.07028373,
       1.07001298]), array([0.08573859, 0.08572088, 0.08573925, ..., 1.15151755, 1.15147526,
       1.15139032]), array([0.08573859, 0.08572088, 0.08573925, ..., 0.03453212, 0.03453085,
       0.0345283 ]), array([0.08573859, 0.08572088, 0.08573925, ..., 0.01907275, 0.01907205,
       0.01907065]), array([0.08577189, 0.08575417, 0.08577255, ..., 1.15196478, 1.15192247,
       1.1518375 ]), array([0.08577189, 0.08575417, 0.08577255, ..., 0.00103596, 0.00103593,
       0.00103585]), array([0.08577189, 0.08575417, 0.08577255, ..., 0.00031603, 0.00031602,
       0.00031599]), array([0.0858052 , 0.08578748, 0.08580587, ..., 1.15241219, 1.15236986,
       1.15228485]), array([8.58052027e-02, 8.57874789e-02, 8.58058668e-02, ...,
       3.10789070e-05, 3.10777655e-05, 3.10754731e-05]), array([8.58052027e-02, 8.57874789e-02, 8.58058668e-02, ...,
       5.23644257e-06, 5.23625024e-06, 5.23586399e-06]), array([0.08583853, 0.0858208 , 0.08583919, ..., 1.15285976, 1.15281742,
       1.15273238]), array([8.58385281e-02, 8.58207974e-02, 8.58391924e-02, ...,
       9.32367248e-07, 9.32333002e-07, 9.32264229e-07]), array([8.58385281e-02, 8.58207974e-02, 8.58391924e-02, ...,
       8.67656490e-08, 8.67624621e-08, 8.67560621e-08]), array([0.00687978, 0.00687687, 0.00687948, ..., 1.51028835, 1.51036985,
       1.51037172]), array([-2.45741593e-05, -2.45690834e-05, -2.44622796e-05, ...,
       -1.35294420e-03, -1.35295142e-03, -1.35291365e-03]), array([-2.72023789e-05, -2.71967597e-05, -2.74621160e-05, ...,
       -7.16877270e-04, -7.16724815e-04, -7.16523735e-04]), array([3.97845562e-06, 3.97763361e-06, 3.92950545e-06, ...,
       2.46495722e-04, 2.46506127e-04, 2.46510168e-04]), array([7.87108007e-06, 7.86945424e-06, 7.96018913e-06, ...,
       3.53037065e-04, 3.52980454e-04, 3.52903487e-04]), array([1.32286955e-06, 1.32259628e-06, 1.33518107e-06, ...,
       1.06693805e-04, 1.06684929e-04, 1.06670907e-04])]
bbb
[[6.82333795e-02 8.57053043e-02 1.00827164e-01 ... 3.97845562e-06
  7.87108007e-06 1.32286955e-06]
 [6.82208235e-02 8.56876011e-02 1.00803103e-01 ... 3.97763361e-06
  7.86945424e-06 1.32259628e-06]
 [6.82310604e-02 8.57059676e-02 1.00826223e-01 ... 3.92950545e-06
  7.96018913e-06 1.33518107e-06]
 ...
 [1.41084483e+00 1.15107049e+00 1.07048508e+00 ... 2.46495722e-04
  3.53037065e-04 1.06693805e-04]
 [1.41118641e+00 1.15102821e+00 1.07028373e+00 ... 2.46506127e-04
  3.52980454e-04 1.06684929e-04]
 [1.41154523e+00 1.15094331e+00 1.07001298e+00 ... 2.46510168e-04
  3.52903487e-04 1.06670907e-04]]
ccc
[[  5257260.10324408    993933.52399593  -1638677.88530236 ...
   -1041704.01274456    -76576.44497128   -631187.8468496 ]
 [  5256125.12521901    993416.11460083  -1638457.3019824  ...
   -1041465.76910582    -76563.62380778   -631075.6861898 ]
 [  5257397.07719001    993735.40657884  -1638781.44777565 ...
   -1041668.35498361    -76628.40361326   -631073.57933809]
 ...
 [ 41663890.92753696  -7882091.98872477 -26208187.59972795 ...
  -12951624.08635247   1332965.2578502  -24812122.32571181]
 [ 41655195.45522313  -7891671.42270521 -26212362.43762604 ...
  -12950703.8724255    1337163.52019038 -24823978.94721978]
 [ 41645045.05445015  -7903045.5498755  -26217294.08877933 ...
  -12949650.96893162   1342066.01864937 -24837831.05281284]]
ddd
Lasso(alpha=0.01, fit_intercept=False, max_iter=10000, tol=0.007)
end
[31651587.97516612, 6982883.163564871, 4963161.364126503, 2010082.6158202062, -10668960.08220425, -500292.9179275941, 9015347.1563611, 3687769.2232441735, 1875808.9376276254, -1593928.5003761458, 6073552.14148264, 4822370.088969911, -3511788.150527457, 2498652.0323134013, 4084970.2712471993, -16126015.338812657, -703457114.7713304, -11398643385.655697, -37220830662.83517, 20893558917.7389, -81038312339.5891]
[-7182725.831853207, 3107310.210891805, 4155509.5170617574, -7637865.114158805, -8945563.765311798, -15409982.699023504, 12110623.72889305, 2816258.167481231, -4027054.9121425827, -345882.2966874925, 5760377.993042379, 7577387.141628159, -4776037.545620419, 1795314.1368403416, 9859647.64008411, -3315433.501174123, -698591657.3672718, -7890834320.748317, 2041162680.7762682, 5127240594.699198, -78328260201.35857]
[-19748929.33850579, -1545012.9501211566, -804513.9927155977, -1945913.3562489979, -1327217.7593094227, 1684873.7749343007, -1128971.1760054743, -2074160.6396241495, 1805392.9109639085, -132688.43777905183, -455120.79457947204, -133296.1538236008, 87446.79584386885, 1255337.183582239, -838708.3778275149, 4411757.887634528, 446584996.74719065, 1702924144.8238277, 11923104547.90854, -6531002902.443965, 25224120133.778416]
[-19320789.934813134, 3029780.987311856, 581216.8730373186, 1056088.228875049, 553649.2764070635, 1953907.591236306, -753777.8949359049, 3355745.191752751, 1899161.0596045407, -1980584.2016656073, -821366.3038754347, -139255.96495839296, 448451.4514379462, -3148537.139572162, -2995321.404378361, 4006741.853582094, 2337509938.3218036, -3338075419.9002705, -38091707821.7445, 22401956783.645638, -24021001195.722515]
[-3119407.4975672164, 10514740.362025375, 4685423.163032996, -5308113.944370935, -9498243.055376297, -1558961.3531196248, 6146226.352304942, 4572147.1839488065, -6057371.64488499, 138072.8109021166, 3987502.0918135205, 1808845.031917486, -2117335.908236048, 931740.965467252, 5839901.204524656, -7508785.5884896675, 4389057710.3965, -15365785356.207394, -65179573587.891045, 28158664303.590576, 32355235793.510277]
[3566553.8112319317, 729271.4188998808, -243038.47833562343, -900435.6785115707, 5071448.123994038, -3921669.858416976, -1274250.888837332, 1255361.8687713987, 1508115.3602769389, -1250314.1427963013, -2270557.1060945517, 2000666.5075896573, 177584.8942603224, -2490169.9989409856, -335799.12997434364, -1182839.1113119626, -2316263831.4618826, 88670799.44782951, -9417928657.242373, 3283605749.0456495, 12761237501.44251]
[3447527.865412919, -7666312.199458921, 7733827.164268548, -4305456.976436854, 3483475.842497511, 2197746.7330111484, -1841407.1520709791, -5274072.161345101, 3368018.6495259707, 1542933.5011611932, 3410574.316569058, -10264450.852458378, 2161415.02517213, 1689837.2012239865, 5173132.078764018, -570762.3684130483, 5538027379.803543, -7523745866.287459, 642524971.4155458, 7706687702.037999, -27064017340.395493]
[-11598119.589360619, -1313332.2359271508, -1288692.557274114, 2541253.527422554, 2699154.1869663005, 279915.8880534916, -1270589.2256065859, -157506.49225168224, 1681328.3403618445, -393475.83414590993, -1463841.896587814, 175099.3897795196, 555986.950664193, -841903.5464582971, -1703184.3040367516, 5029808.772870462, 3199059697.9646792, 1674444366.4671597, -1222701102.485046, 1280387086.9967337, 21820003772.053406]
[6261237.620653632, -10110158.509851553, -303587.3576824856, 3577237.67863161, -7323999.686022077, 18906997.501210406, -4583830.103177595, 13154193.668215962, -28380446.06221411, 5653877.494754342, 4720830.596364664, 5390488.9777026195, -3317258.773390877, -11246597.78919751, 7307920.399555693, 881088.6644227749, 3821873576.6580687, -1246596642.8936756, 30911963493.085217, -6994202686.948659, 7924432562.330996]
[-19516870.986205608, 1220124.1745826257, -235553.1801085252, 4595238.493245783, 5663711.207006385, -3824664.1495815665, 323703.1912731081, 3033623.9382905154, 1970281.5470112646, -1516896.3017775102, -1620844.661679062, 2369124.185379062, 66192.69862419784, -3123820.0465205894, 25718.76687027198, -165949.31596564743, 3179521152.1336365, -1418624577.440799, -24229432559.581627, 12816386200.426655, 11673331236.511786]
here
[[ 9.17545609e-03  2.02426298e-03  1.43876728e-03  5.82701405e-04
  -3.09281717e-03 -1.45029554e-04  2.61345251e-03  1.06904477e-03
   5.43776905e-04 -4.62062787e-04  1.76065766e-03  1.39795340e-03
  -1.01802974e-03  7.24332442e-04  1.18418910e-03 -4.67475900e-03
  -2.03924677e-01 -3.30434454e+00 -1.07899198e+01  6.05681878e+00
  -2.34921381e+01]
 [-2.08219523e-03  9.00775924e-04  1.20463767e-03 -2.21413523e-03
  -2.59322305e-03 -4.46718881e-03  3.51074001e-03  8.16403056e-04
  -1.16740005e-03 -1.00267570e-04  1.66987184e-03  2.19660331e-03
  -1.38452209e-03  5.20442325e-04  2.85820617e-03 -9.61108635e-04
  -2.02514233e-01 -2.28746829e+00  5.91711182e-01  1.48633209e+00
  -2.27065231e+01]
 [-5.72500293e-03 -4.47882694e-04 -2.33219983e-04 -5.64099424e-04
  -3.84746202e-04  4.88426848e-04 -3.27276643e-04 -6.01276937e-04
   5.23364053e-04 -3.84649559e-05 -1.31934640e-04 -3.86411262e-05
   2.53498888e-05  3.63908794e-04 -2.43132569e-04  1.27892132e-03
   1.29460204e-01  4.93659456e-01  3.45638021e+00 -1.89326774e+00
   7.31220206e+00]
 [-5.60088991e-03  8.78301033e-04  1.68488542e-04  3.06148658e-04
   1.60496991e-04  5.66416867e-04 -2.18512132e-04  9.72794562e-04
   5.50546435e-04 -5.74150131e-04 -2.38105287e-04 -4.03688116e-05
   1.30001269e-04 -9.12727168e-04 -8.68311569e-04  1.16151152e-03
   6.77619076e-01 -9.67672284e-01 -1.10423778e+01  6.49408715e+00
  -6.96343077e+00]
 [-9.04282797e-04  3.04811053e-03  1.35825395e-03 -1.53876534e-03
  -2.75343885e-03 -4.51926186e-04  1.78172514e-03  1.32541646e-03
  -1.75596711e-03  4.00258279e-05  1.15593412e-03  5.24364786e-04
  -6.13792985e-04  2.70101719e-04  1.69292476e-03 -2.17671646e-03
   1.27234079e+00 -4.45437647e+00 -1.88948597e+01  8.16289496e+00
   9.37943605e+00]
 [ 1.03390572e-03  2.11407967e-04 -7.04542498e-05 -2.61026652e-04
   1.47015845e-03 -1.13685006e-03 -3.69391674e-04  3.63915950e-04
   4.37186478e-04 -3.62452668e-04 -6.58210168e-04  5.79971776e-04
   5.14799574e-05 -7.21873591e-04 -9.73445684e-05 -3.42892380e-04
  -6.71460057e-01  2.57047143e-02 -2.73015657e+00  9.51882110e-01
   3.69934597e+00]
 [ 9.99401375e-04 -2.22238173e-03  2.24195360e-03 -1.24810583e-03
   1.00982231e-03  6.37103221e-04 -5.33804196e-04 -1.52889699e-03
   9.76352506e-04  4.47279884e-04  9.88688937e-04 -2.97555428e-03
   6.26571048e-04  4.89865692e-04  1.49963554e-03 -1.65457893e-04
   1.60541478e+00 -2.18105328e+00  1.86261102e-01  2.23408616e+00
  -7.84556853e+00]
 [-3.36217055e-03 -3.80720938e-04 -3.73578159e-04  7.36682159e-04
   7.82455867e-04  8.11446156e-05 -3.68330197e-04 -4.56594438e-05
   4.87399064e-04 -1.14064427e-04 -4.24352075e-04  5.07594363e-05
   1.61174658e-04 -2.44058814e-04 -4.93734874e-04  1.45808765e-03
   9.27373117e-01  4.85403474e-01 -3.54447944e-01  3.71170492e-01
   6.32538521e+00]
 [ 1.81506567e-03 -2.93082658e-03 -8.80067209e-05  1.03700286e-03
  -2.12314900e-03  5.48093592e-03 -1.32880321e-03  3.81325975e-03
  -8.22718711e-03  1.63899848e-03  1.36851819e-03  1.56264498e-03
  -9.61637762e-04 -3.26026815e-03  2.11848779e-03  2.55418160e-04
   1.10792018e+00 -3.61375005e-01  8.96104688e+00 -2.02754439e+00
   2.29720806e+00]
 [-5.65773170e-03  3.53700920e-04 -6.82843421e-05  1.33211038e-03
   1.64184917e-03 -1.10872914e-03  9.38380855e-05  8.79415063e-04
   5.71163502e-04 -4.39731979e-04 -4.69865494e-04  6.86783707e-04
   1.91885538e-05 -9.05561948e-04  7.45559484e-06 -4.81069279e-05
   9.21709102e-01 -4.11244059e-01 -7.02385279e+00  3.71533298e+00
   3.38397360e+00]]
I1 [ 0.00917546 -0.0020822  -0.005725   -0.00560089 -0.00090428  0.00103391
  0.0009994  -0.00336217  0.00181507 -0.00565773]
I2 [ 0.00202426  0.00090078 -0.00044788  0.0008783   0.00304811  0.00021141
 -0.00222238 -0.00038072 -0.00293083  0.0003537 ]
I3 [ 1.43876728e-03  1.20463767e-03 -2.33219983e-04  1.68488542e-04
  1.35825395e-03 -7.04542498e-05  2.24195360e-03 -3.73578159e-04
 -8.80067209e-05 -6.82843421e-05]
I2_H4 [ 0.0005827  -0.00221414 -0.0005641   0.00030615 -0.00153877 -0.00026103
 -0.00124811  0.00073668  0.001037    0.00133211]
I2_H7 [-0.00309282 -0.00259322 -0.00038475  0.0001605  -0.00275344  0.00147016
  0.00100982  0.00078246 -0.00212315  0.00164185]
I2_H10 [-1.45029554e-04 -4.46718881e-03  4.88426848e-04  5.66416867e-04
 -4.51926186e-04 -1.13685006e-03  6.37103221e-04  8.11446156e-05
  5.48093592e-03 -1.10872914e-03]
I2_H4_H4 [ 2.61345251e-03  3.51074001e-03 -3.27276643e-04 -2.18512132e-04
  1.78172514e-03 -3.69391674e-04 -5.33804196e-04 -3.68330197e-04
 -1.32880321e-03  9.38380855e-05]
I2_H7_H7 [ 1.06904477e-03  8.16403056e-04 -6.01276937e-04  9.72794562e-04
  1.32541646e-03  3.63915950e-04 -1.52889699e-03 -4.56594438e-05
  3.81325975e-03  8.79415063e-04]
I2_H10_H10 [ 0.00054378 -0.0011674   0.00052336  0.00055055 -0.00175597  0.00043719
  0.00097635  0.0004874  -0.00822719  0.00057116]
I2_H4_H4_H4 [-4.62062787e-04 -1.00267570e-04 -3.84649559e-05 -5.74150131e-04
  4.00258279e-05 -3.62452668e-04  4.47279884e-04 -1.14064427e-04
  1.63899848e-03 -4.39731979e-04]
I2_H7_H7_H7 [ 0.00176066  0.00166987 -0.00013193 -0.00023811  0.00115593 -0.00065821
  0.00098869 -0.00042435  0.00136852 -0.00046987]
I2_H10_H10_H10 [ 1.39795340e-03  2.19660331e-03 -3.86411262e-05 -4.03688116e-05
  5.24364786e-04  5.79971776e-04 -2.97555428e-03  5.07594363e-05
  1.56264498e-03  6.86783707e-04]
I2_H4_H4_H4_H4 [-1.01802974e-03 -1.38452209e-03  2.53498888e-05  1.30001269e-04
 -6.13792985e-04  5.14799574e-05  6.26571048e-04  1.61174658e-04
 -9.61637762e-04  1.91885538e-05]
I2_H7_H7_H7_H7 [ 0.00072433  0.00052044  0.00036391 -0.00091273  0.0002701  -0.00072187
  0.00048987 -0.00024406 -0.00326027 -0.00090556]
I2_H10_H10_H10_H10 [ 1.18418910e-03  2.85820617e-03 -2.43132569e-04 -8.68311569e-04
  1.69292476e-03 -9.73445684e-05  1.49963554e-03 -4.93734874e-04
  2.11848779e-03  7.45559484e-06]
I1_I3 [-4.67475900e-03 -9.61108635e-04  1.27892132e-03  1.16151152e-03
 -2.17671646e-03 -3.42892380e-04 -1.65457893e-04  1.45808765e-03
  2.55418160e-04 -4.81069279e-05]
I1_Xe1 [-0.20392468 -0.20251423  0.1294602   0.67761908  1.27234079 -0.67146006
  1.60541478  0.92737312  1.10792018  0.9217091 ]
I1_Xe2 [-3.30434454 -2.28746829  0.49365946 -0.96767228 -4.45437647  0.02570471
 -2.18105328  0.48540347 -0.361375   -0.41124406]
I1_Xe3 [-10.78991985   0.59171118   3.45638021 -11.0423778  -18.89485974
  -2.73015657   0.1862611   -0.35444794   8.96104688  -7.02385279]
I1_Xe4 [ 6.05681878  1.48633209 -1.89326774  6.49408715  8.16289496  0.95188211
  2.23408616  0.37117049 -2.02754439  3.71533298]
I1_Xe5 [-23.49213812 -22.70652305   7.31220206  -6.96343077   9.37943605
   3.69934597  -7.84556853   6.32538521   2.29720806   3.3839736 ]
aaa
[array([0.07090307, 0.0708905 , 0.07090117, ..., 1.45337325, 1.45373411,
       1.4541062 ]), array([0.0885735 , 0.08855604, 0.08857541, ..., 1.17966648, 1.17962913,
       1.17953678]), array([0.10377779, 0.10375426, 0.10377874, ..., 1.09355109, 1.09334869,
       1.09306878]), array([0.0886079 , 0.08859044, 0.08860981, ..., 1.18012464, 1.18008728,
       1.17999489]), array([0.0886079 , 0.08859044, 0.08860981, ..., 0.03539   , 0.03538888,
       0.0353861 ]), array([0.0886079 , 0.08859044, 0.08860981, ..., 0.01954658, 0.01954596,
       0.01954443]), array([0.08864231, 0.08862484, 0.08864423, ..., 1.18058299, 1.18054561,
       1.18045318]), array([0.08864231, 0.08862484, 0.08864423, ..., 0.0010617 , 0.00106167,
       0.00106158]), array([0.08864231, 0.08862484, 0.08864423, ..., 0.00032388, 0.00032387,
       0.00032384]), array([0.08867674, 0.08865926, 0.08867866, ..., 1.1810415 , 1.18100411,
       1.18091165]), array([8.86767420e-02, 8.86592642e-02, 8.86786575e-02, ...,
       3.18509988e-05, 3.18499903e-05, 3.18474969e-05]), array([8.86767420e-02, 8.86592642e-02, 8.86786575e-02, ...,
       5.36653125e-06, 5.36636134e-06, 5.36594122e-06]), array([0.08871118, 0.0886937 , 0.0887131 , ..., 1.1815002 , 1.18146279,
       1.1813703 ]), array([8.87111827e-02, 8.86936980e-02, 8.87130989e-02, ...,
       9.55530001e-07, 9.55499747e-07, 9.55424944e-07]), array([8.87111827e-02, 8.86936980e-02, 8.87130989e-02, ...,
       8.89211637e-08, 8.89183483e-08, 8.89113871e-08]), array([0.00735816, 0.00735519, 0.00735803, ..., 1.58933789, 1.58943828,
       1.58943808]), array([-2.53965531e-05, -2.53915476e-05, -2.52812797e-05, ...,
       -1.38655532e-03, -1.38656975e-03, -1.38652477e-03]), array([-2.81127281e-05, -2.81071869e-05, -2.83815509e-05, ...,
       -7.34686616e-04, -7.34534097e-04, -7.34324700e-04]), array([4.11159780e-06, 4.11078719e-06, 4.06106576e-06, ...,
       2.52619403e-04, 2.52631347e-04, 2.52634346e-04]), array([8.13449202e-06, 8.13288876e-06, 8.22669722e-06, ...,
       3.61807547e-04, 3.61751363e-04, 3.61670848e-04]), array([1.36714043e-06, 1.36687095e-06, 1.37988310e-06, ...,
       1.09344394e-04, 1.09335851e-04, 1.09320986e-04])]
bbb
[[7.09030710e-02 8.85735004e-02 1.03777792e-01 ... 4.11159780e-06
  8.13449202e-06 1.36714043e-06]
 [7.08904993e-02 8.85560429e-02 1.03754263e-01 ... 4.11078719e-06
  8.13288876e-06 1.36687095e-06]
 [7.09011675e-02 8.85754137e-02 1.03778742e-01 ... 4.06106576e-06
  8.22669722e-06 1.37988310e-06]
 ...
 [1.45337325e+00 1.17966648e+00 1.09355109e+00 ... 2.52619403e-04
  3.61807547e-04 1.09344394e-04]
 [1.45373411e+00 1.17962913e+00 1.09334869e+00 ... 2.52631347e-04
  3.61751363e-04 1.09335851e-04]
 [1.45410620e+00 1.17953678e+00 1.09306878e+00 ... 2.52634346e-04
  3.61670848e-04 1.09320986e-04]]
ccc
[[  5257260.10324408    993933.52399593  -1638677.88530236 ...
   -1041704.01274456    -76576.44497128   -631187.8468496 ]
 [  5256125.12521901    993416.11460083  -1638457.3019824  ...
   -1041465.76910582    -76563.62380778   -631075.6861898 ]
 [  5257397.07719001    993735.40657884  -1638781.44777565 ...
   -1041668.35498361    -76628.40361326   -631073.57933809]
 ...
 [ 41663890.92753696  -7882091.98872477 -26208187.59972795 ...
  -12951624.08635247   1332965.2578502  -24812122.32571181]
 [ 41655195.45522313  -7891671.42270521 -26212362.43762604 ...
  -12950703.8724255    1337163.52019038 -24823978.94721978]
 [ 41645045.05445015  -7903045.5498755  -26217294.08877933 ...
  -12949650.96893162   1342066.01864937 -24837831.05281284]]
ddd
Lasso(alpha=0.01, fit_intercept=False, max_iter=10000, tol=0.007)
end
[30191037.28424952, 7091027.650623634, 5131360.507047724, 1382748.8020479442, -11218404.366913391, -226165.24996165236, 9084808.35744371, 3384963.630542328, 1713909.8867075774, -1482662.7309526706, 6127834.705266623, 4534652.952240258, -3497470.3602558933, 2691268.4117748193, 3947623.2334251604, -14805557.687084112, -666957334.9568046, -11353307006.483595, -36119180471.020294, 20573685609.75879, -82622706909.18347]
[-6908018.42915704, 2923358.868683127, 4022637.924367792, -7213863.342339988, -8142715.160833421, -15014089.63034322, 11578759.655182673, 2748321.0124014015, -3795906.883821015, -378347.1375372235, 5389643.903907026, 7368430.283310836, -4584486.235790188, 1602726.2820634246, 9459342.253058717, -3094103.380996938, -625856726.3096309, -7531364874.222178, 1816574683.5682213, 5014957007.1911, -74905603349.68367]
[-18962420.909918495, -1653461.5768625322, -920746.1709924822, -1530517.25666292, -621607.9727544168, 1448400.9193514597, -1299483.209046693, -1888802.693636825, 1863348.5214950165, -180745.45478827326, -645382.4255157646, -48073.98377528417, 150678.27908078578, 1006764.8622144527, -882332.245357157, 4112499.7614625893, 524380501.9531125, 1811039595.4582531, 11336469180.667831, -6319383988.061382, 26542088773.79184]
[-18614357.12104327, 2901585.527961471, 490157.54756730085, 1299336.1867032724, 1258302.218489153, 1696047.3217573713, -978498.3450838936, 3171624.8068298684, 1996140.1813210028, -1930302.2138642143, -1032298.2718976771, -71281.96524956124, 519213.5309884048, -3157567.7620218415, -2970974.740961257, 3709339.0971114417, 2369256575.0285835, -2949968937.4374123, -36176616384.83299, 21097965565.731186, -20402700997.387325]
[-3229053.2460186547, 10729835.163758818, 4502662.448325199, -5110789.606470394, -8848184.215567319, -1331691.1598818025, 5699303.005374831, 4241559.39246459, -6017875.5199956, 248263.84612557452, 3668825.3024369255, 1664391.8623592067, -1971889.8716295161, 948213.4460869227, 5710637.227232653, -6784126.590130635, 4815769135.695237, -15001570233.283134, -62523573366.80547, 26529677830.6698, 32976932104.601574]
[3435718.29618219, 723926.1203360227, -275569.20481606683, -855948.4708192368, 4790967.423304926, -3775476.2783373687, -1215765.9650760384, 1213975.9346152404, 1455932.5207705444, -1219335.308700372, -2148806.001240227, 1933769.2786199737, 165732.67007120315, -2377940.8928976543, -327444.7657393054, -1113621.813438383, -2252624680.486661, 57326130.89595992, -9210574617.326447, 3206454611.923862, 12304803315.218529]
[2853670.0069724433, -6420132.073836062, 6964294.494860429, -3719802.049175188, 3021641.6780355903, 1918504.7930481224, -1532099.1716197077, -4257019.64198163, 2596628.390443932, 1381929.566801808, 2723092.7467147764, -8030722.171509698, 1678578.0376235452, 1713520.2486798116, 3932961.5089505403, -499500.0985321858, 4915000785.062613, -6714130565.09213, 2070005815.2795758, 5850986999.803306, -27190307528.49167]
[-11117327.385607705, -1325846.047524839, -1326109.6985312658, 2609583.371875054, 2886823.284141864, 178721.3378021808, -1329963.614570133, -122880.9411458852, 1702519.2663847818, -409307.51285928534, -1509812.7463214644, 214506.88930190192, 571469.1064516262, -895840.1978503346, -1689188.7175510363, 4687530.014387216, 3135730971.784684, 1696303029.7591546, -1259425304.748794, 1191293933.4902651, 22217095465.905594]
[6357813.675151663, -10196558.636833072, -313841.4558344269, 3890208.9773538266, -7847365.294930042, 18484019.62949482, -3893196.946528499, 13651779.610091254, -28208819.52431961, 5305652.398569641, 4984147.88424806, 6592796.767208201, -3811434.5383816627, -11558954.792547105, 6287497.96538002, 710410.8708150892, 4025548333.4988084, -1372524488.5728886, 29342200699.678776, -6147082679.945775, 10178396427.85592]
[-18681718.916219663, 1112448.1071560052, -341204.32415668934, 4739494.247530033, 6207153.699758793, -3964217.7570625963, 58095.15744817361, 2986829.5858732117, 2007066.3713353355, -1517155.1652278593, -1789334.662153794, 2395541.1044378974, 134781.9530755726, -3219977.1489127683, 13185.930507470974, -160276.59966574667, 3194436515.6344166, -1154995842.1241148, -23297174636.050816, 12131615257.469276, 13111423732.4611]
here
